 1025044133 1843214898  906499238   44083809 1509183901 1287186903  231764643  249171116 2045356710  795028750
  251827144  925583809  723060481 1264979305  913867928 1129370883 2108845268 1640832383  958294060 1588037850
  178873363 2075936827  663549074  720927819  110361871 1379301476  189035566  372644431  247712724   10949225
 1406387377 1299224859  264243683 2008536441  942346196 1713829816   76145072  854379329  901888495 1199924223
  386835424  325519363 1425727626 2089191526 1419022743 1161902885   58604803 1736438632 1274268900 1906255487
  353271820  976784830  902234197  339946701  248544179 1550202192  660812179 1936895292  698405148  665771337
  210267979 1333653799 1805842835 1936640740 1703110605 1960746974  641802547  337971037  449545639 1325957868
  672103253 1078066877 1948322147 1660318896 1501559007  572416712  833805952 1045063403  422432303 1759794120
 1105252037  698330147 2048351791 1123242488 2139913970 1674546295 1785621509 1777264497 1703145696   16972830
  150814647 1278340716  571774710 1196226285  380466048 1368801988  122686219  268187172 1320694814  917878500
  508674723 1559796033  623477010  697629858  467048805 1395734812 1204845716 1004803554 1348292800 1430697672
  628250919  634864052 2048594240 1852035398  440847377  976081448 1575012310 1720475438  178219222  115078420
 1807490339 2087145955 1580973506  276483688 1305069509 1779139805  584585858 1193092859  703362016  579651504
  220655481 1049708172 2144162909  267698719 1420432680 1697419231  954188040  861333938  932192124 1149642903
 1081625911  762099519 1230494145    8110796  397345384  123439585  914681854 1972495477 1192905087  675861918
 1966445720 1722952066  104452261 1575496033 1931707412  608646070  966721663 1593475030  292943868 1761635091
 1764274964 2085087555 1452886264 2065604882  616023200  462191878 1116518473  272040967 1367857607 1204101932
  825291078 1640484834 1963690380  768160360 1649151654 1304127611 1190064962  753407586   90272704  597712244
  250689764 1760018945 1112727144  896089767 1065119274  863421891  350629835   28699190  438184550 1342799368
 1897777233 1716026493 1670905451 1783051381  765635480 1941919860  635214141 2117601229 1880540076  192450129
  252629546  260080615    4777306  614696565 1094711880 1741911006  219377470 1414988382 1843308476  724007940
  516646216 1917390983  298641205 1714188966 1850857163  951847783  406464814 1863411767 1158085344  617731547
 1805520085 1412113773 1945363317  635363817  248249221  200825925 2046313615  443407501 1105099842  473025567
  301132151 2081183285 1880975418 1269763873  120654785 1552093784  644531802 1163113152  140755634 1571266175
  825030396 1374374109 1485851868 1616522140 1972427916  998479545  259405152 1483074292  284570730  729357273
  629026529  475620977  928278046  322547362 1907454512  666320973  464442028 1372078877   11055234 1266794992
 1238213340 1306957771 1925384778 1306779369 1542733478 1783317881   43337991 1783976587 1628938810 1232514717
 1608958311  368228748  892032563  560966852  513889930 1154655020 1283587351 1423568918 1524426678 2021109350
  306278805 1619164836 1810143873 1669715765  912505020  526058515 2019283783 1720539324  837565467  405785154
  517951659 1710385352  144965768 2056331240 1745085124  898095899    8935578  202933116  348960302 1796000114
 1592829587 1455868541  440509017 1833494545 2113685478 1928295827   94632521  819144774  193762953 1855757857
 1795657478  986249520  719429438  419847135 2073053138  223314305  873991763 2126393543 1952746907  486683147
  321297043  289657960 1340064786 1211205337 2094639372 2059174376  439646127 1211205152  465084536 1116996468
  109190274 1489707549  400768706 1581719256  332129973 1933143335  478930535  753175937 1846216078  471869405
 1596657333  971588115   40040098  966915107  604978802 1203033487  853246823  396709798   31604837 1584695159
  936448719  237841338 1826285085 1515479218 1312850085  100167594 1880735706 1079030526  164979597  873837871
 1090104119 1262185313  908256391  145680188  459581067 1191913120 1165808360  733244002 2135308822 1558320766
 1953271738 1707247235  350127556  970284453 1514017727  936944647 1994389171  712282735  416505948  298477063
 1312371243 1644543503  663486584 1535962396  791033613 1167053209  513999544  351023677  502776248  318909104
 1000234169  262230219 2040442424  578776759  199247289  286412869 2097468520 1777904104  850275523 1133250525
  967260932 1918622296 1458454746 1760226919  243401992  613666390 1187832600 1555876279  709922937  814808063
 1536254424  228679775  297088971 1401305317  948285058  597848874  198692761  864384807  371253814 1234050891
 1807720972  364135316 1667757253 1754211852 1428560201 2102334632  468799166 1959719194  797466460 1849605414
  584518848 1336810806 1161133193  259120792  701456712  223368084 1648257330  226162430 1152244926  689291506
 1208597849  131874643 2027868626 1105120029 2018822143 1261064103  580577052  446431017  656862634 1984120686
  585844111  886306199  511584536 1728842910 2114984702   76377177 1041186599 2128243427  359601588  976607309
  890254615 1803783231 1045449208  812285134 1163098440 1491803881 1942739319 2051922597  330351448  949935306
  191800532  564296926   68901375 1155666614   73328176  872367116 1291182568  581177542   95595890 1407245825
 1043985521   50504404 1670862122 2134025720  284047047 1261753719  161544619  344011519 1409938953 1017207924
  261755686  369014765 1085050726 1951070112 1580990696 2090071428 1766489381 1231337361   61534475 1332032038
  686942645 1630459389 1984572991  254348447 1884162172 1023443630 1627293413  840578166  490117835 1872918844
 1408125160  228628217 2118416216  152630979 1782085554 1523588236  483220909  786144464  358099150  196833213
  985687578 1708510398 1545192938 1049234108   62983027 1746396250 1312824422  744821479 1148716228 1203362561
   52593597  857426929 1799704512 1102627779 2137090214  121376399  323169676  871881023  638930012 1710600177
  209405931 1720218555  478281437 1647717405 1315710525 1041598187 1875149929 1829457273  599346360  891703730
 1154793477 1591670770 1916417614 1409087963  513246992 1442737750 1868492331   93713751 2119994457 1528141720
  208319163 1148953289 1727367870 1982226667  858462093  855945126 1338917503  619565777  580448607 1197702535
 1504819271 1561671940 1644986107  224621818 1290455431 1340879471  929027778 1406323110 1508335509  383515039
 1732567835  224737280 1160958915  180547085  698080959 2024092082  296686858  413236976 1822548901 1933796094
   88947416 2051748684  477110291  904553562  809138784   53994724 1763402490  149561450 1154072098  591765758
 2052561836  748742596  349870307 1428588061 1596553893 1692446514 1468287728 1065557146  535479038 1319724566
 1819421299 1993429881 1410451939 2146719638  917758820  475790175  441752791   74303882 1589406014 2041296567
 1726804624 1987938353  924622204  340400173 2014041644  318045632  833015664  355598448 1827471442 1638270819
  620125153  935828875 1189322572  372007572 1831390261 1471957828 1396627425  546716427  755385977  881007631
  359744731  710741020  955680173 1890410092 1040697655  191342650 1268718289  431128956  524454009 1765071717
 1778844772  972626436  869592755 1682086334   21159242 1385250582  575727549 1665732450  537019646   83000862
 2010227140 1474725119 1705518476 1184359415 2101169159 1428760093   51618225  455094511  478591117  268894821
  881262406 1012618898  410323197 1740512770 1208469020 1148262014  130793418 1355743705  229338065 2043215429
 1463159048   41858476 1928791017 1157580487 1767226708  121002994 1837434548 1206002700  329541542 1504467694
  772926702  544278418 1125774969 1995839531 1598575848 1285467085  434301363  647432047 2143313391   54958512
 1391806240  189602530  502738986 1944961094   79014186 1947172382 1906379874 1552506394  890694659  687677497
  441391084 1781384944 1135109295 1402800924  215117055 1421230441 1483406860 1635894904 1239506547 1021173637
  958194778 1331226296 1169670640 1820639204  749666936 1991707349  816267986 1155660540  855988542  501163581
 1335833090  902703079 1865288738 1898943885 1267795868  451190807 1280463375 1930379319  545282472  252695743
  861592413 2024987673  602104199  657407822 1396395546 1188134040  918665499  988076225 1253861090 1793485757
 1013888475 1673300489 1233339024 1533576994  141916400  433453552 1910180847 1176596458  454641518 1457614966
 1638471184  901870077 1650379443 1064486984 1226139417 2097947079 2100048360 1716354356 1341377965   77926910
  935622461 1999853576   28446161  558846761 1871930489   39237509  714522035  787754132 1471592131 1982314684
 1768581387 1343207547  674847616   72510422  179742439  858152374 1040283338 1591697161  212713783  335166821
 1726675958  781460235 1630513759  497008716 1343344292 1507447094  711463745  316380402  618892700 2054892815
  595697789 1810210098  264064349  661864667 2121470197  389483610  961559809 1662535563  927165774  567821046
 1974660914 1173285442  400490817 1290659108  292253849  547900105  478497591  606043304 2107060781 1463664168
 1360474081 2090626213 1616499560  648832146  715752419 1992424274 1787458899 1259793757  406183296  397799947
  527766737  126508127  430832808  985013252  807980382 1237405150  169415174  176867514 2003771673 1528919171
  597511026  643047207 1198596778 1943353756 1266104237 1106363444  937483608  919463362  725667320 1150177508
 2107481449 1669023455 1916372822 1796910830 1699395939  837354215  917229301 1518519025  854072036 1841514797
 1466805786 2083052313  898885466 1595725398 1395840447 1537290049    3948191 1352838505  100061708 1734602902
 1147470951  713348756  882935746   35559553 1424095966  403874295 1936409732 1046074749 1683498355 1625045526
  464800858   40097351 1127337726  592842786  562754104  875742361 2015991927 1581328145  106316180 1994419378
  126717120  778514425 1860135967 1626517476 1060003083 1913048770 1980986771 1466785227   88282636    7066483
 1333988311  258945062 2011637787  374171010 1755329571 1304338335  253412723 1557713615  916320930 1817752078
 1374532074  797630713 1641564184  787413870 1208785677  374027725  234512324 1294879866  723211416 1873459059
  286887955  922080052 1183936300 1051668108 1242467958 1150965709  632516792 1039198871 1064789890 1830104483
 1256395067  664767813 1687813627  983683665  974628698  995426866 1530336272 1695474607 1188451536 1100525774
 1772045759 1156975191 1271263149  377071093 1613240361 1015677892  251540893 1047147659 1286044515  622024949
  398021310 1787743934  328209063 1511176525 1549359840  969989676 1836612487  152195321  952501495  407623830
  197564475  981509044 1662218232 1560183077 1205498493 1566109302 1542655766  773034774  329823087 1801841712
 1988242116  836000827 1983067311  774843953  651521143 1053357791 1678991711  671779489 1446140478   44666230
  463865595 1993216604 1845791751 2135296029  964261517  882525681 1116552759 1367577920 1343146873  973190315
 1582029814   10296659  897378844 1149582609  395503116  617597504   77130283 1808806896  202582815  615124142
 1174337780 1105548587  807055728 1029501725  709123306  539793715   78093678 1967220003  974222604 1149464395
 1523502540  572807416  555938931 1226386641 1271997686 1461938905 1141223428  490487185 1794622817 1046905321
  829508461  154446425  522054314 1526592438 1868188064 1218207638  909717677 1114414824  978750269   99368205
  260503037 1916410475   29990830  731793436  436932629  471366682   99934037 2084450745  950709880 1515107300
 1432621136 1788843173 1417797002  186294451 2072275566  153716093 1853571944  245747462  353870399 1630659790
 1908123806  807538110   95834674 1462037504 1829887283 1902850464  657677851  440677063 1874473475 1828585607
 2009424041  980684476  209016334 1684985072  982345862 1145000660  799633679  247211566  755683612  697371982
 1989797306  383661019  443723054 1233442379 1622682432  876560103   83330787  250039559  838514740  899888230
  311642683 1276259908 1356630804   22601357 1311860874  155269731  791889390   23958904  582880216  246513612
   70768240 1723804174  308471167  679704740 1099958452  701093195  593746698  439533163 1614817267 1486219980
  456325047 1849228686  507425567  368068738  860285429 1823824328  597766421 2029304232 1368273550  741124294
 1254868305  689560534 1247705453 1733489221  276714532  267235603  402317882 2146800568  545611465 1970422590
  212385651 1406954140 1108074506 1175128564  559687281 1193028711  824769478 2034121522  772996474  320185417
  592766704 1562656510 1423779665   75543283  574707456   79772590 2058528219 1323965419 1690290372 1883090654
  871212883 1647653057 1337678624 1885132395  386766479  489919185  983155762  664416432  348927653 1423889361
  773616408   62378529 1882530575 2076829861  258668143  391250858  604065916 1503544072 1412515832  378882733
   24087404 1823041366 1300274260   73734277  601239860  811370382  795930315  638157956  325209077  369368485
 1341436796   48108945 1255335782 1588815825 1500448050 1428573978  809427866 1444158056 1797750149  240303500
  319339611 1235708608 1746849728 1790661037 1264078673 1103854988 1479984343  486152786  804424254  601063088
  331331010  176140940 2002918499 1108247600 1736622440 1227373194 1321804824 2027204235  833678093 1917767376
  317936423 1194866212 1508128227  169776898  326367549 1155473794 1133507772  344095790 1452366426  269785571
 1408294086 1182422163  517284334 1376213414 1652363447 1595420364 1563687264 1365325866  468036547 1906571624
  424977330 1781048982 2018278229  512968440 1947485796  225595746 1308451025  823510800 1762007851  624069312
 1573272452 1895427010  444384695 1591949372  702979220 1946723398  533464760 1876688798 2138564147 1888300142
 2033506480  452183689 1264970247   11774345 1787311588  699321009   58164807  714787470 1824339473 2028456066
  390998926 1996082852  143127169  923765659  924021401   55555981 1168218741  968341837 1655705378 1626232971
  286802075 1213615553 1476602647 1826667793 1049127751 1150049904 1959304244  823697025 1861815309  375774660
 1088472634 2137745105   40433077 1475457665 2060924319 1238740305  662758632 1747136814  699934527 2057135656
  493114239  994598991  602729198 1378709784  982154876 1758457130  169368705 1820511093 1548880678 1111551373
 1709534553  430911980  742943655 1652592859 1840236978 1135956273 2006848510  385270480  389503815 1752846198
  578407063  619910891  681406455 1231465205 1374748444 1320268270  754961787 2115183350  404174399  925189702
 1506023023  263759109  662132443 1808255685 1700019588 1372840563 1112795056   66557144  520406029 2103227303
  529701378  348163889  256433244  194629064  133000393 1026906621  395349770 1159818591 2093878293 1006760219
 1981273180  642835673 1886867130 1503167132  905821770 1547181097 1434287721 2026206468  182196918   73958191
   10818181 2078457661 1301395660 1310066247  448467178 1889911954 1087129420 1691081438  349093021  637501866
  553739826 2054511269  670441667 1743440825 1042706581  247464834 1520015233 1922584592  803825106 2006735272
 2043425306 1812520997 1823839327 1165262601  586018120  725477258  923393314  190143587  520478773 1936946734
   78497507  818257795 2103953002 1079259983 1159820799 1559519300 1739643585 1470699698  278320786 1748288227
 1500029319 1604744590 1825557198 1310721207 1227157231 1591557921  257836499  304429790 1401170716  406013051
 1799657135  836559892   24260965  397581555 1362517394 1894694871 1046812908 1208521952 1789357043  899404028
  859176787 2044835338 1444233102 2096173901  548407346 1849223425 1576746039  575377005 1379994188 2066370566
  105778806  329867887  822600260 1981015884   14449474  745192868 1907878576  638935426 1470541747   13702193
  558643362  657806245 1388319272  768662481 1567342836 1192738152  233153642 1462534528  291282482  781604720
 1518531329 1388714563 1638361334 1258526255  103475252  751677581 1199201181  324616115   44114045 2143117484
 1683906695 1889837321 1357133601   94923710 1520809286  485696913 1577407048  137066483  146489174  993886578
  989244121  838403500 1439101215 1272399446 1819128157 1469577089  477624274  182378119 1596856353  263331689
 1311187968 1761596176 1238941256  746053511 1252657585  281656731  586463966  287968394  228416602  431599494
 1986849877 1274439805 1541802971 2113732930 1681284814  470215490 1821617183 1840064979 1750329453 1205995496
  213682196  285408748  973599908 1225876637 1704723348  619339506  498302240 1647496899 1337784228 1358537695
 2093821675   36912000    3418636 1707099430 2110815328  711503309 1923768294 1692967815  900774481 1738192942
  691762120 1092615671  389463494  141612871  480462477  657164614  643492754 1840967441  176005248  943787726
  940573482 2070142841  694058039  608483362 1604017536  497487740   72564372 2131286451  743691078 1650860419
  917036012  913944876 1897177880  403498646  241927720  592138477  700347676  174035606  303282928 1565916315
  182725046  490707439 2030820075 2142371992  305670719  486915810 1047218855 1240229801 1272739670 1108512555
  471888562  406338080  491988463 1928762971 1636395503  151410488  290629144 2136681637 1375864882  438207069
  486810977 1360063773 2102033600  290784019 2002235402 1295784676  573166870 1035107632  291567622 1237572690
 1866922425  853109412 1053853602  576998980 2127383411  286009923 2069777738 1789836157  388777703 1099789796
 1279667118 1765681193 1302551819 1129261563  322772531  728854541 1669192588 1282770297 2146322397 1565669171
  610686790 1266440843  409183712 2119235108 1947101161  302089059  470151482  267036206 1158858926   38298645
  245011382 2039984092 1816672030 1098066428  159464045  154963901 1642624560  722231378 2053688822 1551441315
  566241228  911151381 1544728648 1091972996 1960314400 1341384378 1551916213  426815115  543487662 1340433647
 1842089579  102052376 2133434830  255507426  917430281 1735485073 1969257211 1941691297  135308380 1079131563
  915238208  700722116  381279645 1809936488 2006187483  984714183 1088929865  650193398 1707945787 1329865525
  799290262  909046769 1703088224 1559495269  684322144  882385795   68369059 1790288496 1773931151  446510640
 1092418368  148153809  515723383 1760714485 1656431774 1775846781 2103478223 1456495690   69173515  518851365
 1500730208 1308104255 1497756973 1313098757  260286249  508049323  964696839  850838503  931169197   82338731
  955441586 1712459334  992288290 1243952205  560104868 1886357763  121820274  223361161  156871613  349536648
   19409212  134256144 1882739362  871039606 1719933962  841611583 1409987619 1356424975   97461328 1109325997
  862344131 1809310050 1849663260  199735571 1567079910  761901075  637445937 2119562196  109508541 2041287650
  458599484  646038982 1406563980  856143909 1230139594  945410456  175910564  990828645 1565486285 1579827372